100,119000,1,0,0
100,119001,2,0,0
100,119002,3,0,0
100,119037,4,0,0
100,119004,5,0,0
100,119005,6,0,0
100,119006,7,0,0
100,119007,8,0,0
100,119008,9,0,0
100,119009,10,0,0
100,119010,11,0,0
100,119036,12,0,0
100,119003,13,0,0
100,119011,14,0,0
100,119012,15,0,0
100,119013,16,0,0
100,119014,17,0,0
100,119015,18,0,0
100,119016,19,0,0
100,119017,20,0,0
100,119018,21,0,0
100,119019,22,0,0
100,119020,23,0,0
100,119021,24,0,0
100,119022,25,0,0
100,119023,26,0,0
100,119024,27,0,0
100,119025,28,1,1
101,119025,1,0,0
101,119026,2,0,0
101,119027,3,0,0
101,119028,4,0,0
101,119029,5,0,0
101,119030,6,0,0
101,119031,7,0,0
101,119016,8,0,0
101,119015,9,0,0
101,119033,10,0,0
101,119032,11,0,0
101,119012,12,0,0
101,119011,13,0,0
101,119003,14,0,0
101,119037,15,0,0
101,119004,16,0,0
101,119005,17,0,0
101,119006,18,0,0
101,119007,19,0,0
101,119008,20,0,0
101,119009,21,0,0
101,119010,22,0,0
101,119036,23,0,0
101,119034,24,0,0
101,119035,25,0,0
101,119000,26,1,1
